1 0.78203125 0.63671875 0.0953125 0.215625
1 0.6859375 0.55625 0.103125 0.2015625
1 0.56875 0.515625 0.0890625 0.1828125
1 0.24453125 0.58671875 0.1515625 0.2296875
1 0.39296875 0.525 0.1421875 0.2140625
3 0.08125 0.9203125 0.0796875 0.071875
3 0.1359375 0.9046875 0.0640625 0.071875
3 0.22578125 0.90546875 0.075 0.078125
3 0.27890625 0.8796875 0.075 0.08125
3 0.37890625 0.88828125 0.0765625 0.078125
3 0.41796875 0.8765625 0.0671875 0.0828125
3 0.52265625 0.86796875 0.075 0.0890625
3 0.57734375 0.86328125 0.0546875 0.0796875
3 0.65703125 0.85546875 0.0546875 0.0765625
3 0.7046875 0.85859375 0.0546875 0.075
3 0.77265625 0.84296875 0.0546875 0.078125
3 0.8 0.85390625 0.0453125 0.065625
3 0.92578125 0.8671875 0.0921875 0.0875
3 0.86015625 0.8578125 0.0734375 0.0796875