1 0.7828125 0.63359375 0.0625 0.14375
1 0.45234375 0.5359375 0.06875 0.096875
1 0.66640625 0.52421875 0.0515625 0.0859375
1 0.2828125 0.56015625 0.0390625 0.0671875
1 0.37265625 0.53828125 0.0453125 0.0859375
1 0.13359375 0.578125 0.0546875 0.1015625
1 0.63125 0.51953125 0.078125 0.09375
1 0.50859375 0.5203125 0.065625 0.10625
1 0.75234375 0.5359375 0.05 0.096875
0 0.12734375 0.50703125 0.0265625 0.0125
0 0.28359375 0.47109375 0.0234375 0.0171875
0 0.3734375 0.4828125 0.021875 0.0109375
0 0.4984375 0.471875 0.021875 0.009375
0 0.621875 0.45390625 0.01875 0.009375
0 0.6734375 0.45703125 0.025 0.009375
0 0.753125 0.48203125 0.021875 0.0109375