2 0.25859375 0.2125 0.0265625 0.0421875
2 0.5484375 0.228125 0.025 0.0484375
2 0.375 0.24609375 0.028125 0.0453125
2 0.61484375 0.25546875 0.0265625 0.0453125
2 0.43828125 0.27421875 0.028125 0.046875
2 0.50390625 0.28828125 0.021875 0.03125
1 0.55 0.334375 0.0546875 0.128125
1 0.2546875 0.34296875 0.0625 0.1578125
1 0.36875 0.3484375 0.0390625 0.1296875
1 0.43515625 0.3578125 0.0484375 0.115625
1 0.5 0.375 0.0421875 0.115625
1 0.6125 0.375 0.059375 0.1546875
0 0.2578125 0.23359375 0.025 0.0203125
3 0.5953125 0.56171875 0.025 0.06875
3 0.63046875 0.5640625 0.0265625 0.0765625
3 0.5625 0.54609375 0.0265625 0.0375
3 0.5328125 0.53828125 0.0265625 0.0328125
3 0.35625 0.52890625 0.0234375 0.0625
3 0.375 0.521875 0.025 0.0578125
3 0.44453125 0.5265625 0.0265625 0.053125
3 0.41875 0.52109375 0.0296875 0.053125
3 0.478125 0.521875 0.0234375 0.03125
3 0.23046875 0.5734375 0.0296875 0.053125